[1, 7]
[1, 9]
[3, 5]
[3, 7]
[3, 9]
[3, 11]
[3, 13]
[3, 15]
[5, 3]
[5, 5]
[5, 7]
[5, 9]
[5, 11]
[5, 13]
[5, 15]
[5, 17]
[5, 19]
[7, 3]
[7, 5]
[7, 7]
[7, 9]
[7, 11]
[7, 13]
[7, 15]
[7, 17]
[7, 19]
[7, 21]
[7, 23]
[7, 25]
[9, 9]
[9, 11]
[9, 13]
[9, 15]
[9, 17]
[9, 19]
[9, 21]
[9, 23]
[9, 25]
[9, 27]
[11, 11]
[11, 13]
[11, 15]
[11, 17]
[11, 19]
[11, 21]
[11, 23]
[13, 17]
[13, 19]
[13, 21]
[11, 20]
[4, 6]
[6, 8]
[6, 9]
[6, 10]
[7, 8]
[7, 10]
[8, 8]
[8, 9]
[8, 10]
[4, 12]
[4, 13]
[4, 14]
[5, 12]
[5, 14]
[6, 12]
[6, 13]
[6, 14]
[3, 6]
[4, 5]
[4, 7]
[5, 6]
